249101086887
249101098097
249101116124
249101124753
249101126100
249101126122
249101126135
249101126147
249101138968
249101146547
249101147325
249101147343
249101147370
249101156845
249101156858
249101156888
249101190504
249101190583
249101191825
249101191849
249101191861
249101199113
249101214204
249101214292
249101215519
249101219709
249101239904
249101239978
249101245850
249101255955
249101258620
249101258645
249101259532
249101259595
249101267176
249101267196
249101271719
249101280075
249101280080
249101283403
249101287322
249101302830
249101303121
249101303172
249101303192
249101303198
249101322776
249101322783
249101322790
249101335446
249101337500
249101337529
249101337532
249101337543
249101337567
249101337572
249101337597
249101344169
249101344262
249101346046
249101346076
249101346078
249101348012
249101348073
249101353138
249101353140
249101362115
249101365546
249101365561
249101372515
249101372571
249101384228
249101384244
249101384284
249101392132
249101392159
249101423792
249101433143
249101433158
249101433161
249101434585
249101434990
249101450978
249101450993
249101453635
249101453671
249101472210
249101472220
249101472241
249101472265
249101490490
249101496181
249101496576
249101496587
249101496622
249101496690
249101497419
249101497489
249101497493
249101500632
249101502202
249101502277
249101515376
249101515391
249101523449
249101523455
249101523494
249101532991
249101534517
249101534522
249101534582
249101555451
249101556421
249101557359
249101557381
249101557388
249101558477
249101558498
249101561035
249101561056
249101561093
249101564840
249101565610
249101569878
249101580611
249101580659
249101586225
249101586247
249101586287
249101588226
249101595138
249101595195
249101629220
249101629286
249101629298
249101666801
249101669839
249101669855
249101673906
249101673941
249101676333
249101676337
249101680816
249101680818
249101680838
249101680869
249101680895
249101689997
249101692347
249101694934
249101694952
249101694960
249101704915
249101708106
249101708181
249101713810
249101713817
249101713894
249101717410
249101739174
249101745866
249101759128
249101759133
249101763101
249101763138
249101763182
249101763184
249101764220
249101764238
249101764288
249101773130
249101773177
249101773184
249101774621
249101774648
249101775003
249101775061
249101775337
249101775341
249101790728
249101790795
249101806520
249101806547
249101806554
249101806570
249101806594
249101813902
249101813916
249101813952
249101819928
249101819990
249101826542
249101826574
249101831792
249101831798
249101833735
249101834139
249101834150
249101835933
249101835971
249101856463
249101859064
249101890999
249101891650
249101891660
249101901981
249101914351
249101937102
249101937137
249101937184
249101938589
249101951611
249101951624
249101951682
249101969830
249101974672
249101974691
249101976265
249101980120
249101981030
249101984313
249101996719
249101996788
249111000115
249111000146
249111015424
249111015435
249111015468
249111017909
249111017931
249111017952
249111017962
249111023737
249111023790
249111023932
249111044728
249111067925
249111093553
249111105139
249111113124
249111113132
249111113196
249111113198
249111121201
249111121219
249111121286
249111122103
249111122110
249111122140
249111122169
249111124323
249111124770
249111132335
249111169023
249111171526
249111171565
249111171575
249111173901
249111188479
249111188497
249111195043
249111195059
249111195084
249111195099
249111217142
249111218108
249111218149
249111234610
249111234649
249111235023
249111235060
249111242645
249111242647
249111242664
249111245459
249111250234
249111254195
249111262914
249111262966
249111272675
249111274103
249111274108
249111274130
249111274162
249111274169
249111279870
249111279892
249111292836
249111293005
249111293007
249111293037
249111306342
249111306351
249111306385
249111311604
249111311660
249111311661
249111311671
249111318502
249111318535
249111319619
249111319733
249111322927
249111322991
249111329750
249111336599
249111340321
249111340353
249111340358
249111340389
249111344632
249111344656
249111356206
249111356298
249111375312
249111375385
249111386516
249111386531
249111386541
249111386577
249111386598
249111391197
249111398993
249111399825
249111399848
249111399863
249111417919
249111417980
249111431302
249111431322
249111431325
249111441954
249111443299
249111460817
249111491511
249111491571
249111500023
249111500037
249111500052
249111500076
249111504143
249111504144
249111504178
249111527302
249111527373
249111531015
249111531036
249111531072
249111533521
249111533573
249111533715
249111545507
249111549307
249111549398
249111554440
249111557919
249111557950
249111557969
249111557980
249111569917
249111595367
249111598160
249111598161
249111598162
249111598198
249111609909
249111609927
249111609939
249111609964
249111611105
249111624410
249111624412
249111624421
249111624496
249111630218
249111630283
249111632965
249111635201
249111635284
249111667567
249111667575
249111667579
249111677509
249111679427
249111679480
249111692007
249111724308
249111724352
249111727123
249111727830
249111727865
249111727886
249111732518
249111735520
249111735527
249111735532
249111735537
249111735581
249111739115
249111739184
249111741187
249111743854
249111743867
249111743869
249111764674
249111793700
249111804348
249111804369
249111804395
249111804703
249111805659
249111805668
249111805683
249111805696
249111806923
249111806946
249111806969
249111806977
249111806990
249111828657
249111854705
249111854711
249111854793
249111855520
249111855522
249111864310
249111864332
249111864353
249111881240
249111881241
249111881261
249111881264
249111885674
249111886946
249111892444
249111892475
249111902803
249111902835
249111902855
249111902898
249111905193
249111909656
249111935551
249111936773
249111936791
249111953013
249111957520
249111959038
249111961255
249111961439
249111965881
249111982158
249111984462
249111990440
249111990444
249111990446
249111991476
249111993399
249111998332
249114004652
249114004670
249114006432
249114011320
249114011376
249114029532
249114029577
249114029582
249114030407
249114030439
249114030487
249114044201
249114044251
249114044274
249114056688
249114072720
249114080125
249114080197
249114087528
249114087534
249114087558
249114096406
249114096408
249114096468
249114096475
249114099215
249114099804
249114099868
249114099876
249114103103
249114103123
249114103139
249114103180
249114109521
249114109548
249114109576
249114111681
249114119582
249114124734
249114140493
249114144556
249114144596
249114152435
249114154235
249114160585
249114160586
249114162014
249114162091
249114166528
249114166534
249114166597
249114173433
249114173489
249114176905
249114176929
249114176997
249114197705
249114209810
249114209843
249114209849
249114221509
249114221540
249114221570
249114221578
249114232855
249114232883
249114232893
249114232899
249114264320
249114264331
249114264354
249114264393
249114275152
249114278854
249114279157
249114279169
249114315402
249114318419
249114318847
249114318850
249114318878
249114349031
249114349042
249114349051
249114349061
249114357857
249114380642
249114382947
249114382983
249114385506
249114385533
249114395724
249114395771
249114395799
249114396237
249114396294
249114409165
249114409173
249114409193
249114416049
249114416078
249114416095
249114418815
249114420611
249114420636
249114420643
249114420695
249114421177
249114422780
249114436521
249114437501
249114437518
249114437569
249114443201
249114443212
249114455868
249114456681
249114458502
249114458527
249114458542
249114458558
249114460458
249114460466
249114460494
249114462248
249114466508
249114491236
249114491263
249114493044
249114493086
249114499833
249114499857
249114505318
249114505367
249114505371
249114510444
249114510473
249114518800
249114518847
249114530861
249114530862
249114542872
249114542894
249114546235
249114546236
249114546252
249114547330
249114547332
249114547353
249114547361
249114547378
249114547383
249114553037
249114553309
249114553355
249114553359
249114576168
249114580049
249114580051
249114580065
249114580067
249114581545
249114581555
249114581566
249114581568
249114581572
249114585604
249114603157
249114617612
249114617623
249114620886
249114627627
249114627636
249114634703
249114634774
249114637067
249114637094
249114639227
249114639233
249114639240
249114639248
249114646031
249114646054
249114664302
249114664383
249114671121
249114671122
249114671151
249114671195
249114679569
249114687575
249114696020
249114696035
249114699811
249114699855
249114699856
249114699885
249114699895
249114700603
249114700652
249114700659
249114700660
249114700698
249114711682
249114711689
249114744616
249114746427
249114746429
249114757901
249114757976
249114757993
249114760469
249114760470
249114760490
249114772016
249114772021
249114775711
249114775774
249114794541
249114800630
249114800659
249114818332
249114818336
249114818362
249114818366
249114818367
249114847711
249114853128
249114855408
249114855448
249114856613
249114858969
249114858977
249114858992
249114888501
249114888535
249114890969
249114890993
249114891419
249114899679
249114899684
249114904119
249114904177
249114904184
249114904187
249114911729
249114911731
249114922246
249114922258
249114931416
249114931417
249114931487
249114931493
249114940850
249114940864
249114940898
249114956601
249114956638
249114959115
249114959137
249114959743
249114959776
249114967308
249114967310
249114967356
249114967368
249114972403
249114972465
249114972467
249114972468
249114990807
249114990829
249114997314
249114997315
249114997330
249114997332
249114997346
249114997371
249120013454
249120013457
249120018298
249120021442
249120025840
249120025874
249120037707
249120037771
249120039415
249120043257
249120050384
249120063871
249120065514
249120065533
249120065564
249120065586
249120078682
249120089658
249120093876
249120103217
249120103242
249120103280
249120103715
249120111125
249120111304
249120111351
249120111368
249120112303
249120112915
249120112963
249120112973
249120112996
249120135655
249120135682
249120147018
249120173857
249120177675
249120187509
249120187546
249120187570
249120191109
249120191131
249120191134
249120191191
249120192517
249120192536
249120192560
249120214650
249120214653
249120227367
249120227398
249120228633
249120228642
249120228646
249120232520
249120235401
249120235406
249120235420
249120235431
249120235442
249120269243
249120269249
249120273333
249120282010
249120282034
249120296395
249120300458
249120304104
249120304134
249120304135
249120304159
249120304177
249120304187
249120304189
249120333500
249120333545
249120337402
249120337700
249120343062
249120354549
249120355513
249120355518
249120355555
249120360228
249120360239
249120360247
249120363773
249120363790
249120363791
249120377247
249120377267
249120377285
249120384077
249120385906
249120385914
249120391914
249120391932
249120394306
249120394607
249120394625
249120405226
249120405228
249120405276
249120429703
249120429719
249120429727
249120429752
249120429763
249120435352
249120435827
249120435847
249120435889
249120438621
249120438630
249120438695
249120441507
249120441574
249120446452
249120446454
249120446498
249120447449
249120447454
249120447545
249120457783
249120472609
249120472658
249120499605
249120501480
249120503021
249120503622
249120503644
249120503680
249120505341
249120506274
249120506414
249120506459
249120506465
249120509751
249120509758
249120528703
249120528757
249120538758
249120538788
249120556192
249120556421
249120556445
249120556454
249120563701
249120563789
249120569976
249120587250
249120592244
249120595654
249120601328
249120607209
249120612114
249120612151
249120620949
249120626524
249120626559
249120628513
249120632110
249120632134
249120632804
249120632890
249120662434
249120675666
249120695204
249120695280
249120710573
249120713425
249120713480
249120713488
249120718841
249120718851
249120719966
249120726085
249120726091
249120734344
249120734360
249120734781
249120735814
249120735848
249120735893
249120746574
249120754029
249120759473
249120760601
249120760668
249120760689
249120775086
249120777766
249120777770
249120782717
249120782784
249120782788
249120795216
249120795221
249120795268
249120820705
249120821254
249120821269
249120825304
249120825386
249120827610
249120827628
249120827641
249120827678
249120832726
249120832764
249120836101
249120836113
249120848287
249120863102
249120863131
249120863169
249120863246
249120870839
249120870860
249120870876
249120874343
249120874384
249120878305
249120897849
249120897854
249120897856
249120897876
249120900650
249120928016
249120933226
249120949892
249120949898
249120953762
249120953766
249120960861
249120960871
249120962497
249120966460
249120966493
249120967408
249120967410
249120967414
249120967512
249120967547
249120972634
249120972663
249120980167
249120980169
249120989542
249120989549
249122000211
249122000267
249122004158
249122004163
249122004768
249122028688
249122031681
249122031690
249122034998
249122038852
249122038871
249122038881
249122041807
249122041824
249122052722
249122052768
249122054383
249122062909
249122062971
249122079696
249122079699
249122094007
249122094029
249122094042
249122095597
249122117671
249122118625
249122118679
249122124138
249122124180
249122129230
249122129239
249122131919
249122131960
249122145052
249122145076
249122147032
249122147078
249122147098
249122151173
249122169759
249122169781
249122173738
249122173793
249122191322
249122191337
249122193888
249122193897
249122219192
249122219193
249122239929
249122240692
249122247869
249122250485
249122265637
249122273436
249122273439
249122273447
249122273468
249122273728
249122273757
249122278959
249122278984
249122290438
249122294344
249122296363
249122303880
249122310324
249122327134
249122327174
249122346141
249122346152
249122347340
249122349105
249122349106
249122349126
249122359227
249122359271
249122360049
249122360070
249122377397
249122389606
249122389699
249122390334
249122403465
249122405802
249122419310
249122430155
249122436352
249122439312
249122439339
249122439381
249122449816
249122457459
249122457496
249122458538
249122458574
249122458583
249122478553
249122478575
249122478619
249122478637
249122480238
249122483141
249122487546
249122490325
249122490783
249122493235
249122493266
249122498580
249122500435
249122500487
249122502082
249122514705
249122519825
249122522906
249122522934
249122522959
249122522981
249122525370
249122540408
249122540466
249122543755
249122543789
249122546514
249122546548
249122555751
249122586606
249122586619
249122591025
249122591081
249122592164
249122594900
249122594917
249122594953
249122603394
249122606262
249122606270
249122608900
249122608995
249122609029
249122609061
249122609076
249122609081
249122617165
249122621836
249122621859
249122632857
249122633973
249122637870
249122637873
249122648545
249122648565
249122648596
249122648796
249122649131
249122649143
249122657563
249122658910
249122660009
249122660030
249122660072
249122660084
249122667421
249122667447
249122667470
249122673417
249122673419
249122673428
249122673477
249122685007
249122699578
249122699590
249122715440
249122715484
249122715486
249122722347
249122732801
249122732828
249122732832
249122732857
249122745110
249122745116
249122745150
249122745164
249122748431
249122748444
249122753021
249122753041
249122757521
249122762003
249122763942
249122763964
249122767273
249122777672
249122788375
249122795427
249122795473
249122803108
249122803156
249122812409
249122812451
249122827329
249122827335
249122827339
249122843280
249122843282
249122853766
249122860749
249122861362
249122863323
249122863362
249122863404
249122863492
249122869930
249122877620
249122877661
249122877671
249122878553
249122878560
249122893773
249122893781
249122901768
249122901789
249122906776
249122906784
249122906797
249122934124
249122940595
249122941544
249122941548
249122947496
249122948920
249122950317
249122959136
249122959152
249122964819
249122981807
249122992024
249122992088
249122992089
249122993468
249125005109
249125005199
249125009254
249125009277
249125012901
249125012999
249125014671
249125029023
249125046144
249125046189
249125049012
249125049017
249125049026
249125049051
249125059009
249125059047
249125059070
249125059083
249125071702
249125071780
249125074603
249125074662
249125074686
249125077818
249125089843
249125090613
249125092467
249125092732
249125092766
249125098726
249125104198
249125113327
249125114004
249125114027
249125143802
249125154016
249125154091
249125156463
249125156471
249125159317
249125160702
249125160761
249125160766
249125160768
249125178127
249125178130
249125178138
249125178199
249125179018
249125179052
249125179839
249125182489
249125182495
249125193400
249125193401
249125193426
249125198833
249125198899
249125199430
249125206961
249125207017
249125217077
249125220661
249125220689
249125227337
249125227351
249125230711
249125230781
249125240468
249125240493
249125241272
249125241290
249125241295
249125250706
249125250707
249125250760
249125274015
249125274023
249125274028
249125274066
249125285284
249125286001
249125286056
249125286082
249125288712
249125288718
249125294673
249125297438
249125313284
249125313874
249125317475
249125317489
249125324370
249125336656
249125337714
249125337725
249125337727
249125337733
249125370906
249125370907
249125370915
249125378124
249125391336
249125391344
249125391384
249125393920
249125393993
249125396170
249125400417
249125409610
249125409690
249125426714
249125426758
249125428537
249125428592
249125437566
249125437596
249125463904
249125463941
249125466608
249125481774
249125492704
249125492782
249125497019
249125497030
249125497056
249125497086
249125511970
249125530964
249125530969
249125530980
249125535563
249125535564
249125535573
249125543257
249125543298
249125558420
249125558493
249125558830
249125558888
249125565773
249125567304
249125575642
249125577302
249125590643
249125606205
249125606293
249125618048
249125627236
249125639701
249125639712
249125639719
249125639726
249125647902
249125647948
249125649041
249125649058
249125658304
249125658328
249125658343
249125666777
249125666789
249125676651
249125676670
249125676683
249125679527
249125691940
249125691963
249125691991
249125706080
249125712361
249125712396
249125735632
249125735638
249125736347
249125736367
249125736399
249125741930
249125741992
249125751394
249125753959
249125754177
249125756541
249125756586
249125759012
249125759017
249125759043
249125759062
249125774342
249125779845
249125779871
249125779884
249125779886
249125779890
249125785088
249125794960
249125800912
249125801993
249125802321
249125805300
249125805318
249125812660
249125813177
249125826154
249125826185
249125826186
249125837881
249125855162
249125855186
249125855192
249125862051
249125867073
249125877420
249125877441
249125877464
249125891975
249125895432
249125895447
249125905131
249125905154
249125908143
249125908156
249125908157
249125908171
249125908186
249125915983
249125917076
249125919632
249125929451
249125929497
249125932035
249125932052
249125932054
249125943804
249125946640
249125946695
249125948954
249125948996
249125950408
249125950449
249125955258
249125955288
249125955424
249125971437
249125974667
249125983210
249125995760
249125996303
